0000000000010 0001
0000000000000 0001
0000000000000 1000
0000000000000 0110
0000101000000 1000
0000000000000 0111
0001100000001 0000
0000000000001 0000
0000101000001 0000
0001111000001 0000
0001010000001 0000
0000001000001 0000
0000010000001 0000
0000111000001 0000
0001110000001 0000
0000100000001 0000
0001000000001 0000
0001101000001 0000
0001011000001 0000
0001001000001 0000
0000110000001 0000
0000000110001 0000
0001111100001 0000
0001001100001 0000
0000110110001 0000
0000110100001 0000
0000001110001 0000
0000010110001 0000
0000111100001 0000
0001011100001 0000
0000100100001 0000
0000100110001 0000
0001000100001 0000
0001000110001 0000
0001101100001 0000
0001101110001 0000
0001110100001 0000
0001110110001 0000
0000101100001 0000
0000101110001 0000
0001010100001 0000
0001010110001 0000